%YAML:1.0
---
K: !!opencv-matrix
   rows: 3
   cols: 3
   dt: d
   data: [ 6.1344746289880504e+02, 0., 3.2662699523595938e+02, 0.,
       6.1461125828009176e+02, 2.3250071076285118e+02, 0., 0., 1. ]
D: !!opencv-matrix
   rows: 1
   cols: 5
   dt: d
   data: [ 5.5470472444068719e-02, -4.8261692754616226e-01,
       2.9132223981183309e-03, 1.7314998012504404e-03,
       3.6095778619105717e-01 ]
